666666666666666666666666666666666666666666666666666666666245466666666666666666666666666666666666666666666666666666666666
666666666666666666666666666666666666666666666666666666624  2254266666666666666666666666666666666666666666666666666666666
6666666666666666666666666666666666666666666666666666624   52224442666666666666666666666666666666666666666666666666666666
666666666666666666666666666666666666666666666666666625     2222244426666666666666666666666666666666666666666666666666666
6666666666666666666666666666666666666666666666666625       2222222442666666666666666666666666666666666666666666666666666
666666666666666666666666666666666666666666666666625        2222222224426666666666666666666666666666666666666666666666666
6666666666666666666666666666666666666666666666664          2222222222452666666666666666666666666666666666666666666666666
666666666666666666666666666666666666666666666664           2222222222245266666666666666666666666666666666666666666666666
66666666666666666666666666666666666666666666664            2222222222224526666666666666666666666666666666666666666666666
6666666666666666666666666666666666666666666662             2222222222222252666666666666666666666666666666666666666666666
6666666666666666666666666666666666666666666625             2222222222222244666666666666666666666666666666666666666666666
666666666666666666666666666666666666666666662              2222222222222225266666666666666666666666666666666666666666666
666666666666666666666666666666666666666666665              2222222222222224466666666666666666666666666666666666666666666
66666666666666666666666666666666666666666662               2222222222222222526666666666666666666666666666666666666666666
66666666666666666666666666666666666666666662               2222222222222222526666666666666666666666666666666666666666666
66666666666666666666666666666666666666666664               2222222222222222526666666666666666666666666666666666666666666
66666666666666666666666666666666666666666664               2222222222222222526666666666666666666666666666666666666666666
66666666666666666666666666666666666666666664               2222222222222222526666666666666666666666666666666666666666666
66666666666666666666666666666666666666666664               2222222222222222526666666666666666666666666666666666666666666
66666666666666666666666666666666666666666662               2222222222222222526666666666666666666666666666666666666666666
66666666666666666666666666666666666666666662               2222222222222224566666666666666666666666666666666666666666666
666666666666666666666666666666666666666666625              2222222222222225466666666666666666666666666666666666666666666
666666666666666666666666666666666666666666664              2222222222222225266666666666666666666666666666666666666666666
666666666666666666666666666666666666666666662              2222222222222245666666666666666666666666666666666666666666666
6666666666666622222222222222266666666666666665             2222222222222254666666666666662222222222222226666666666666666
666666666622455            5554222666666666662             2222222222222452666666666622455            555422666666666666
66666666245                      55422666666665            222222222222252666666662255                     5522666666666
666666245                            5426666662            222222222222456666666245                           5426666666
6666625                                552666665           2222222222225266666255                               52666666
666625                                    526662          52222222222244666625                                   5266666
66664                                       52664          22222222224526624                                      526666
66625                    5555555              2625         2222222222546625               555555                   46666
6662                554422222222224455         462         22222222244664        55544422222222222455              56666
6662              5422222222222222222244555     524        2222222245225     55442222222222222222222245            56666
6662             52222222222222222222222224455   525      5222222245425  5554222222222222222222222222225           56666
66665           52222222222222222222222222222455  54      522222225555 5442222222222442244222222222222225          26666
66662           4222222222444442222244444222222455 5       22222245  552222222444222222222442222222222224         526666
666664          422222222442226666662222224442222245      52222225 54422222444422266666666224422222222224        5266666
6666624         5422222225266666666666666622244422245     52222245542222444222666666666666662542222222245       52666666
66666664         5422222252666666666666666666224422225    5222245542224442666666666666666666645222222245       526666666
6666666625         542222526666666666666666666662442225    2224554224542666666666666666666666252222245       52666666666
666666666625         5442446666666666666666662222455445    2445 544554222226666666666666666662522245      54266666666666
66666666666662455       555266666666666666245                              54666666666666666625555  55542266666666666666
666666666666666662222222266666666666666662455555555555555555555555555555555554666666666666666666222666666666666666666666
666666666666666666666666666666666666666662422222222222222222222222222222222222666666666666666666666666666666666666666666
666666666666666666666666666666666666666666222222222444444442222222222222222222666666666666666666666666666666666666666666
6666666666666666666666666666666666666666666622222245      52444444445222222666666666666666666666666666666666666666666666
666666666666666666666666666666666666666666666666664        2222222224266666666666666666666666666666666666666666666666666
66666666666666666666666666666666666666666666666624         2222222222442666666666666666666666666666666666666666666666666
6666666666666666666666666666666666666666666662245          2222222222224222666666666666666666666666666666666666666666666
6666666666666666666666666666666662544444445555             2222222222222222442222222226666666666666666666666666666666666
66666666666666666666666666666666625                        2222222222222222222222222546666666666666666666666666666666666
66666666666666666666666666666666664                        2222222222222222222222224566666666666666666666666666666666666
666666666666666666666666666666666664                       2222222222222222222222254666666666666666666666666666666666666
66666666666666666666666666666666666625                     2222222225542222222224446666666666666666666666666666666666666
6666666666666666666666666666666666666624555554225          2222222225524422242244266666666666666666666666666666666666666
6666666666666666666666666666666666666666666666664          2222222225266622222266666666666666666666666666666666666666666
66666666666666666666666666666666666666666666666665         2222222244666666666666666666666666666666666666666666666666666
666666666666666666666666666666666666666666666666624        2222222442666666666666666666666666666666666666666666666666666
66666666666666666666666666666666666666666666666666625      2222244266666666666666666666666666666666666666666666666666666
6666666666666666666666666666666666666666666666666666625    2224522666666666666666666666666666666666666666666666666666666
666666666666666666666666666666666666666666666666666666624 52454266666666666666666666666666666666666666666666666666666666
666666666666666666666666666666666666666666666666666666666625266666666666666666666666666666666666666666666666666666666666
