111111100111111100111111100000111111001111110001111110011111111100011111111100001111111111111000111111111111
011111000011110000011111110000011110000111110000111100001111001110001111001110011100000001111000011110000000
001111000110000000001110111000001100000011110000111100001111000110001111000110011000000011100000011110000010
001111011100000000001110011000001100000011110000111100001111001110001111001110010000000111000000011110000110
001111111000000000001110001000001100000011110000111100001111111100001111111100000000001110000000011111111110
001111110000000000001110000100001100000011110000111100001111111100001111111100000000111000000000011111111110
001111011100000000001110000110001100000011110000111100001111001110001111001110000011100000000100011110000110
001111001111000000001110000111011100000001110000111000001111000110001111000110001110000000001100011110000010
011111000111110000011110000011111110000000111111110000001111001110001111001110011100000000011100011110000000
111111100011111100111111000011111110000000011111100000011111111100011111111100001111111111111000111111111111
