                         The year 2666
                    The day paz IV is born

      January               February               March
Su Mo Tu We Th Fr Sa  Su Mo Tu We Th Fr Sa  Su Mo Tu We Th Fr Sa
    6  6  6  6  6  6               6  6  6               6  6  6
 6  6  6 66 66 66 66   6  6  6  6  6  6 66   6  6  6  6  6  6 66
66 66 66 66 66 66 66  66 66 66 66 66 66 66  66 66 66 66 66 66 66
66 66 66 66 66 66 66  66 66 66 66 66 66 66  66 66 66 66 66 66 66
66 66 66 66           66 66 66 66           66 66 66 66 66 66 66

       April                  May                   June
Su Mo Tu We Th Fr Sa  Su Mo Tu We Th Fr Sa  Su Mo Tu We Th Fr Sa
 6  6  6  6  6  6  6         6  6  6  6  6                  6  6
 6  6 66 66 66 66 66   6  6  6  6 66 66 66   6  6  6  6  6  6  6
66 66 66 66 66 66 66  66 66 66 66 66 66 66  66 66 66 66 66 66 66
66 66 66 66 66 66 66  66 66 66 66 66 66 66  66 66 66 66 66 66 66
66 66                 66 66 66 66 66        66 66 66 66 66 66 66

        July                 August              September
Su Mo Tu We Th Fr Sa  Su Mo Tu We Th Fr Sa  Su Mo Tu We Th Fr Sa
 6  6  6  6  6  6  6            6  6  6  6                     6
 6  6 66 66 66 66 66   6  6  6  6  6 66 66   6  6  6  6  6  6  6
66 66 66 66 66 66 66  66 66 66 66 66 66 66   6 66 66 66 66 66 66
66 66 66 66 66 66 66  66 66 66 66 66 66 66  66 66 66 66 66 66 66
66 66 66              66 66 66 66 66 66     66 66 66 66 66 66 66
                                            66
      October               November              December
Su Mo Tu We Th Fr Sa  Su Mo Tu We Th Fr Sa  Su Mo Tu We Th Fr Sa
    6  6  6  6  6  6               6  6  6                     6
 6  6  6 66 66 66 66   6  6  6  6  6  6 66   6  6  6  6  6  6  6
66 66 66 66 66 66 66  66 66 66 66 66 66 66   6 66 66 66 66 66 66
66 66 66 66 66 66 66  66 66 66 66 66 66 66  66 66 66 66 66 66 66
66 66 66 66           66 66 66 66 66 66     66 66 66 66 66 66 66
                                            66 66

